-15 26 21 26 35 32 -30 -21 -39 -28 
-32 10 -33 -7 19 -21 13 35 32 46 
36 -24 20 30 20 -29 1 -19 -6 -44 
47 -24 -41 36 -2 -9 -23 7 -22 3 
-2 43 -34 18 -13 43 -11 7 -41 47 
26 -34 28 -2 0 -26 -35 21 22 5 
41 -6 22 12 -10 -19 -37 -39 -35 -23 
39 -43 10 3 3 33 -29 -26 0 -46 
38 15 38 -49 -22 -41 -3 -36 -39 8 
37 -15 -29 29 22 5 46 -20 -26 23 
|
-15 -43 -21 -22 26 -34 -30 -39 35 -49 
-32 -34 -33 -19 19 -28 13 -37 32 -46 
1 -24 -19 -13 20 -26 -29 -26 36 -44 
47 -15 -41 -7 -2 -24 -23 -20 -22 -39 
-2 -10 -11 -2 18 -23 -41 7 43 3 
26 -6 28 3 0 -21 -35 21 22 5 
-6 7 12 20 22 -9 -35 30 -39 23 
39 8 10 26 3 5 -29 32 0 41 
-3 10 15 29 -36 33 38 35 -41 46 
37 21 -29 36 22 38 46 43 -26 47 
|
Метод сортировки         Кол-во сравнений      Кол-во перестановок
Сортировка пуызрьком                  100                      500
Сортировка выбором                    324                      324
Сортировка вставками                  336                      336
Сортировка Шелла                      103                      427
Быстрая сортировка                    234                      900
